-0.903566623154, -1.00690231551, 1.1060733486, 1.0
-0.974285318049, -0.979339877875, 1.00311533682, 1.0
1.04922224625, -1.04002608365, 1.02707130717, -1.0
0.901729699956, 1.04695249998, -1.12091018232, 1.0
0.878165098104, -1.0093492493, -1.0020814455, -1.0
-1.08273276911, -0.938707126161, -0.94175578001, 1.0
0.931984584013, 0.999045849374, -1.14675369359, 1.0
-1.01183163409, 1.0020430672, 0.954889953525, 1.0
-0.9689246018, 0.961676132034, -0.97623875318, 1.0
-0.981661918008, 0.987667043197, 0.924681330005, 1.0
0.961742847298, 1.10903050229, 0.949301332043, -1.0
-1.0467471097, 1.06124080002, 1.18357153844, 1.0
1.00671801228, -1.01014554821, -0.967150730204, -1.0
-1.02009225937, 1.00712142592, -1.16043949759, 1.0
-1.06143408316, -1.06644053202, -1.12110032105, 1.0
-0.943960055682, -1.03513851151, 0.986912644225, 1.0
0.999503217754, -0.999763368961, -1.03368241237, -1.0
-0.983056238889, -0.895150760522, -1.11768167306, 1.0
0.993805866884, 1.00115667441, -0.996692264554, 1.0
0.888277965396, -1.0658109937, 1.03812546462, -1.0
0.953112527802, -1.06031730343, 1.16175804116, -1.0
1.03632998374, 0.985494258006, 0.966154272492, -1.0
0.984376709962, 0.944493118598, -1.06883209853, 1.0
-1.00855854919, 1.00294227146, 1.01564876855, 1.0
1.03901597553, 0.980671574635, -1.12572915703, 1.0
-1.10351189126, -1.11687344391, 1.0010924493, 1.0
-0.903441397422, -1.02434334789, -1.12292639649, 1.0
-1.01536551551, 1.04828096319, 1.04604796626, 1.0
-1.01641936387, -1.01779142136, -0.952463891498, 1.0
-0.994492140503, 1.00451920463, -0.965603932033, 1.0
1.0149311276, 1.0013341624, 1.03592978059, -1.0
1.01631822473, 0.968920859778, 1.15215644974, -1.0
-1.00323328821, 0.847743664857, -1.06513414507, 1.0
1.04950233544, 0.98478906083, 1.05323123501, -1.0
1.00590632148, 0.9926975867, -0.98987025264, 1.0
-0.89666498278, 1.04682640202, -0.965861932879, 1.0
-0.982125082539, 1.03612525852, -0.989496490152, 1.0
0.962923038632, 1.01823420721, -1.18631312715, 1.0
0.999563596521, -0.999553400156, 0.999304869164, -1.0
-1.02241737603, 1.07730176684, -0.976474796829, 1.0
1.06888076506, 1.00421233235, 0.85478682792, -1.0
-1.14712814059, 1.01954291323, -0.934056103177, 1.0
1.00011417023, 0.995419011894, -1.13345342666, 1.0
0.999693259764, 0.999499864519, 0.997636093119, -1.0
0.911702343266, -0.948962182834, -0.973557780142, -1.0
1.01938305893, -0.919457271521, 1.10869618712, -1.0
-1.05885342377, -0.952019862026, -1.07158493687, 1.0
-1.01723820786, 0.999402271663, 0.822446816466, 1.0
-0.956422403122, 0.960535640646, -1.02051100358, 1.0
1.00794274532, -0.961983851672, 1.01839699521, -1.0
0.99969134588, -1.0235431896, 0.831037178573, -1.0
-0.918635061014, -0.828479910026, 0.952903992613, 1.0
-1.10387210749, 1.05250904488, 0.965536205554, 1.0
0.98317559598, -0.999605340214, 0.996011577374, -1.0
-1.00223729691, -1.00312685315, 1.04867437946, 1.0
1.00971217156, 0.99000991028, -1.01720855628, 1.0
-0.967241789434, 0.898494334748, 1.0241468116, 1.0
0.966912640954, -0.998660996613, 0.870213529956, -1.0
1.0078220376, 1.00951356843, 1.02710474586, -1.0
-0.944191594095, -0.886888915414, 0.887405574393, 1.0
-1.06129966323, 1.03972055039, -0.904646811095, 1.0
-1.02503853033, 0.884445100474, -1.14375554056, 1.0
-0.990336198747, -1.01483620771, 0.982573872765, 1.0
-1.12909476329, 0.941524525097, 0.910589712163, 1.0
1.10962304556, -1.02592686131, -1.00345130972, -1.0
1.03533298407, 1.13796504741, -0.92597202256, 1.0
1.07561507542, 1.00299447824, -1.01149319001, 1.0
0.958464607353, -0.996052607914, -0.982701869959, -1.0
-1.01954983079, 1.02280833657, 1.02452639679, 1.0
-1.04242892708, 0.960530665901, 1.05363825035, 1.0
-1.0445799135, 1.02226199296, 1.09642401583, 1.0
0.962852306927, 0.989670358365, 1.07912171721, -1.0
1.0, -1.0, 1.0, -1.0
-0.986223147411, 1.01022951819, 1.11033810415, 1.0
1.01292021393, -0.986977683738, 0.991559228672, -1.0
1.04738699723, 1.06588437691, 1.18160775393, -1.0
-1.0, -1.0, 1.0, 1.0
-1.08537557301, -0.998742455144, 0.923742180682, 1.0
1.014274621, 0.965388380896, -1.01657304673, 1.0
0.994866394059, -0.983273681208, 1.00778985887, -1.0
1.05000071855, 0.941920654949, 1.12899009019, -1.0
1.00915918947, 1.00573748861, 1.03878917753, -1.0
-1.0842414075, -1.08251526033, -0.991649444035, 1.0
1.05103124749, 0.988743978048, -0.912275746278, 1.0
0.971128374536, 0.999432787508, 1.06344870391, -1.0
-1.00434137739, -1.03384078743, -1.03221078902, 1.0
-0.921638882612, 1.12883683755, -1.06755548857, 1.0
0.988018516589, 0.996944508192, 1.09297690863, -1.0
-0.925297878708, -1.05390418147, -1.00511771015, 1.0
0.943238693862, -0.913935012077, 0.974461381222, -1.0
0.906052650545, -0.994674037843, 1.12300318003, -1.0
-0.985017434537, 1.07495381376, 1.01304062483, 1.0
-0.983632777574, -0.975913849125, 1.11153524453, 1.0
-1.09034459762, -0.917970678817, 1.07536874653, 1.0
-0.988239193291, 1.04486366073, -0.816974629831, 1.0
-0.97847018678, -1.03335376297, -0.932819732476, 1.0
0.997243214412, -1.00716001234, -1.00542904464, -1.0
0.920106209473, 0.981164730249, 1.0123044551, -1.0
-0.967966297122, 0.921916022284, 0.979319769846, 1.0
-0.981973460208, 0.995651908683, -0.991232801792, 1.0
-0.993732634294, -1.00659452167, 0.982391968674, 1.0
1.00764710054, 0.991631754391, -1.10895755163, 1.0
0.909143277189, -0.932375493113, 0.885695995777, -1.0
-1.08525365191, 1.00129207999, 0.937747195513, 1.0
-0.984947911278, -0.992338476798, -0.837467698462, 1.0
-0.992835153049, -0.907751839657, 0.84225135188, 1.0
-0.999629270153, -1.00568625797, 0.989298161384, 1.0
0.985097051832, -0.973245908733, -0.955262581184, -1.0
0.985430701351, 1.00587926771, -0.814865895864, 1.0
0.985430586609, 0.971388406419, -0.98412148478, 1.0
0.997423768489, -1.00656455521, 1.02451152748, -1.0
0.920642257731, -0.889961473087, -1.08609453229, -1.0
-1.009622635, 1.00642555935, -1.12074800243, 1.0
-1.04738123081, -1.06866418092, -0.941899913475, 1.0
-0.986525091277, 0.994486997958, -1.00715444749, 1.0
-0.954992681108, 0.982002982302, 1.06938185336, 1.0
-0.989109634478, -0.97969413678, -0.958656756902, 1.0
-0.917160802928, -1.08629320718, -1.08023627216, 1.0
1.00234803613, 1.0101685791, 1.03982077374, -1.0
-1.0, 1.0, 1.0, 1.0
1.00566488546, 1.00700222946, 0.892569193517, -1.0
0.925790786109, -0.954126570713, 1.09037572205, -1.0
0.973093240414, 1.02138194403, -0.978847890387, 1.0
-1.01206010454, -1.00077974498, 1.07784895007, 1.0
0.943440554049, 1.12649334869, -1.09506791926, 1.0
0.931533653362, 1.07857838811, 1.08368588166, -1.0
-1.0, -1.0, -1.0, 1.0
1.00768955326, 1.04497882877, 1.13476794753, -1.0
-1.03467002673, -0.990880970701, 0.956858657595, 1.0
1.03488824863, 0.982839555758, 0.887421370476, -1.0
0.974420679409, -1.04623405252, 1.08282996995, -1.0
1.00014692785, 0.9999614692, -0.999576181294, 1.0
1.01293252887, -0.935013879752, -1.04416727694, -1.0
0.973666871601, -0.953808811065, -0.88697499826, -1.0
1.01495978802, -1.00544515955, 1.0349689469, -1.0
-1.0317255248, 1.02375134861, 0.939865213137, 1.0
-0.929854489036, -1.06318050588, -1.0671517464, 1.0
-0.946919863224, -0.958494171385, 1.04539307006, 1.0
1.0275559913, -0.998620695519, -1.15202948461, -1.0
-1.13163469213, -0.946127678297, 1.05133565589, 1.0
1.07878307993, 1.01687553987, 0.94945295581, -1.0
1.02311313448, -1.00535264193, 1.03086435128, -1.0
-0.961079852112, -1.0093167231, 1.10798835316, 1.0
0.961268466949, 1.00174202038, 1.01690894008, -1.0
-1.01379759765, 1.00118001375, 0.903178640246, 1.0
0.987536785895, 0.987930446327, 1.08758178953, -1.0
0.979128995694, -0.976440339294, 0.995146333916, -1.0
-0.932422618923, 0.989995322129, -0.958221241799, 1.0
1.04974515064, 0.984830840564, 1.11440555644, -1.0
1.10239912039, -0.9446549664, 1.09287044319, -1.0
-0.993104116441, -0.99484860203, -0.993087370068, 1.0
-0.928183383591, -0.950624314443, 1.02399442505, 1.0
1.06221659111, -0.96847449426, 1.01133261321, -1.0
-0.930143284728, -0.814933436876, -1.01204935096, 1.0
-0.982882372314, -0.984325587382, 0.957052613434, 1.0
-0.978703732968, -1.06171246358, -0.863843120118, 1.0
1.14899114659, 0.919125927686, -0.98241663252, 1.0
1.02862492858, 1.11768619342, -1.03715507225, 1.0
1.04409753067, -0.924672854167, -1.01021907289, -1.0
1.02018343291, -1.08081535583, -1.16683355743, -1.0
-1.06293884994, -0.927546242485, -1.15088121721, 1.0
-0.925132924273, -0.977752104379, -0.968433136477, 1.0
1.00094256917, -1.05953223197, -0.99702208739, -1.0
-0.901140287604, 1.039357704, -1.03459993728, 1.0
-1.18339852806, -1.00177830461, -0.99810665739, 1.0
-1.01995049334, -0.926072987148, -0.928389921707, 1.0
1.03608369869, 1.06027713546, 0.931929082277, -1.0
0.992691377053, 1.01417676943, -0.947168823001, 1.0
-0.986462094506, 0.994892945117, 0.958082230803, 1.0
-1.00557375468, 0.986884512469, -0.871173628551, 1.0
-0.864122716965, -1.01429814353, -1.08052758226, 1.0
1.00029128112, -0.997220650424, 0.983428507669, -1.0
0.983120409779, 0.848337049817, 1.11493193299, -1.0
-1.04611118392, -1.01013306894, 1.00313340415, 1.0
0.877414884351, -1.01580173357, -0.938056168635, -1.0
0.999722529198, -0.931982157167, -0.966993350867, -1.0
-1.06005782085, 0.962252101785, 1.10192608534, 1.0
-0.998631025617, -1.02745847093, -0.906747908681, 1.0
-1.06076342355, 1.06913722433, -1.06193137511, 1.0
-1.12018093572, -0.988896658831, 0.977105256364, 1.0
-0.890634927838, 0.973785532488, 1.02977621733, 1.0
-0.903450876439, -1.03313964488, -1.07048215508, 1.0
1.05350009547, -0.904305917131, -1.01451975175, -1.0
1.04339992697, 1.02411938598, -1.00247099798, 1.0
0.940996032614, 0.855562276164, 1.05442255273, -1.0
-1.00903865339, -1.02357649515, -1.14704663545, 1.0
0.988778607657, -1.13168535602, -1.07952731976, -1.0
0.948909985574, 0.996813968749, -1.07466683091, 1.0
0.989554048387, 1.0061050744, 0.980108838058, -1.0
-0.988276487165, 0.975953981632, 0.968494983484, 1.0
-0.991001162254, 1.01990812612, -1.01657183761, 1.0
1.01660456508, -0.95316980123, -1.00898775278, -1.0
-0.927449637333, 0.893702916898, 1.02113843371, 1.0
0.98191263006, 1.01242657493, -0.961477513776, 1.0
0.978266525232, -0.826043157805, -1.04607109713, -1.0
0.984859963024, -1.09493686943, 1.06053948439, -1.0
0.947032309756, -1.12050447906, 0.987455102832, -1.0
0.992669341461, -0.986150908383, -0.960908222072, -1.0
-1.07147698245, -1.00746261591, -0.901535895424, 1.0
0.958406657878, 1.00171312026, -1.14056883211, 1.0
-0.992664588259, -0.961590855456, -0.984411881634, 1.0
-0.951922397344, 0.942263819661, 0.861470684309, 1.0
1.02042600969, -1.03104777559, -1.03031606673, -1.0
1.00974856928, -1.01101061825, 1.02202128666, -1.0
-1.07768329448, -1.03981106163, 1.04430576395, 1.0
-1.00132213305, -1.00068884185, 0.999553801765, 1.0
0.999073629066, -0.998832872193, -0.999451180324, -1.0
0.999117119931, -0.982631821274, -0.938639311172, -1.0
-1.00258145265, -0.999854426337, -0.982042814028, 1.0
-0.953735455022, -0.904868508329, 1.00341175812, 1.0
-1.00593652604, 1.005186014, 0.956592947029, 1.0
1.0016090531, -1.00425636331, -1.00130323572, -1.0
0.999713568659, -1.01951737275, 0.984778910103, -1.0
0.962531466546, -0.878295536882, -1.01803354184, -1.0
0.997471579607, -1.07752638045, -1.09457716821, -1.0
0.995177091561, -0.990193000658, -0.99685723436, -1.0
-0.991065805845, 1.01030992438, -1.05089468492, 1.0
-1.02648794876, 0.821408098078, 1.01944595947, 1.0
-0.976422776144, 0.901193120474, 1.1690343545, 1.0
-1.02883697387, -0.959658622032, 0.972645242595, 1.0
0.976221308938, -0.903892126981, -0.890425942569, -1.0
-0.960314297303, -0.957997340135, -1.01138021155, 1.0
1.01874744645, -0.973081588019, -0.863135817865, -1.0
1.08470893789, -0.912862224147, -1.10266116425, -1.0
0.843596317011, 1.00391142011, 1.08259501465, -1.0
-1.09376511369, 0.996426431231, 1.0957294105, 1.0
-0.940730709486, -1.10356449504, 1.08593507196, 1.0
-0.95785183473, 1.00210524438, -1.06112672554, 1.0
1.0, 1.0, 1.0, -1.0
-0.9414759516, -1.01536930715, 0.823494686309, 1.0
-0.991017481488, -0.972211610731, -1.04882363801, 1.0
-0.998758045867, -0.930001979569, -0.81575320519, 1.0
0.960097285311, 0.969405720113, 1.00367828903, -1.0
1.10176438467, 0.988539272147, -1.03200354548, 1.0
-1.00255394703, 1.00825727215, 1.11499492583, 1.0
-1.00361241518, 1.00141520037, 0.894240319978, 1.0
1.00756815539, 0.961780839687, 0.936975810344, -1.0
1.00746934619, 0.993337372765, -0.975164301733, 1.0
-0.99334520162, 1.00097485548, -1.00583249088, 1.0
1.04623711141, 1.03304340508, -0.924961592728, 1.0
1.00212751564, 0.997782815813, -0.805351925559, 1.0
0.920319389477, -1.04435010922, 1.07781137083, -1.0
-0.970148434896, -1.05420373776, 0.99294952584, 1.0
-1.00650721139, -1.00911780321, 0.835053488453, 1.0
1.00128302779, 1.00055072649, 0.816246246549, -1.0
0.94417918869, 0.865717642496, 0.989570684545, -1.0
-1.06704283654, -1.04912644103, 0.952644945234, 1.0
-0.991691937033, -1.0399368541, -0.941323276596, 1.0
-1.07366338383, 1.02325274689, -1.09118734751, 1.0
-1.0099991055, -1.02881103179, -0.998663100176, 1.0
0.975419968604, -0.995769599944, -1.02309344789, -1.0
1.00223239693, -1.01629045296, 1.13723269758, -1.0
1.01739170306, -1.08229583075, -0.979524654877, -1.0
1.00316478917, -1.0006742342, 0.841652385476, -1.0
1.00629233349, -1.00448973319, 1.13378033377, -1.0
1.02137057943, 1.0407068093, -0.9445124504, 1.0
0.982616871659, 1.01389445881, 0.950092034605, -1.0
-0.956193447756, 0.908304956115, 1.03583862594, 1.0
1.12914225159, -1.07980295609, -1.05922281781, -1.0
-1.00018151072, 1.00498999572, 1.00693932881, 1.0
0.953028565054, 1.02287333867, -0.922589318525, 1.0
0.963475477363, 1.0087485311, 1.0664622436, -1.0
-1.0136184714, 1.00073221655, -1.15204214022, 1.0
-1.05096657604, -1.16290910241, 0.978510792578, 1.0
-0.949305265283, 1.13779451448, -0.97069176605, 1.0
-0.999142114444, -1.00474935081, -1.02623265638, 1.0
-0.812000397899, -1.0089417797, -0.942349607454, 1.0
-0.953649189898, -1.02566785368, -0.967907562995, 1.0
-1.01524826167, 0.922000082938, 1.06199273176, 1.0
1.0, 1.0, -1.0, 1.0
-0.996174342337, 0.972345037617, -0.969941233323, 1.0
1.00039365804, -1.00010223326, 0.999896760962, -1.0
0.870127357631, 1.03191494578, 0.934193462747, -1.0
0.96660288052, 0.975901375351, 1.16230164911, -1.0
-0.99431739017, -1.0173021261, -1.04990476413, 1.0
0.913998075954, 0.934547935765, -0.834158087832, 1.0
-0.998477323244, 0.983215907872, 1.02716939198, 1.0
-1.06301800785, 1.08791899015, 0.89144799501, 1.0
-0.995146405275, 0.930245913135, 1.10195305051, 1.0
0.992393503765, 0.98793596729, 1.05579018864, -1.0
0.997744197566, -0.992331826946, 0.934040900603, -1.0
0.982135411002, 0.996509689241, -1.06377230948, 1.0
-1.02167930723, 1.0349588105, 0.907491717781, 1.0
-0.994965738923, -0.999843683217, -0.993824810522, 1.0
-1.00701002504, 1.03138653892, -0.937572358947, 1.0
-1.0, 1.0, -1.0, 1.0
-1.031681709, -0.965157504886, 0.906283498392, 1.0
-1.01227124304, 1.00595486552, -1.12610244472, 1.0
-1.01501437391, 0.968053419024, 0.94330362756, 1.0
-1.06734462643, 1.01607414274, 1.12067724769, 1.0
-0.89674241503, 1.03256075991, -0.958297332011, 1.0
1.00172416542, 1.00317926288, 1.13644614096, -1.0
-1.02294887492, -1.01434682538, 0.970159510738, 1.0
0.968475751464, 1.01861137843, 1.05502875838, -1.0
1.05055551402, -0.874313818085, -0.950549765589, -1.0
1.13225785885, -0.973434005084, -1.04848615719, -1.0
0.888259645901, 1.11486096934, 0.983479662163, -1.0
0.992126548175, 1.00217410449, -1.17558845186, 1.0
-1.0096538598, 0.99682186084, -1.02664572992, 1.0
1.04135186862, 0.904698126342, -1.14159272673, 1.0
-1.08923442436, 1.0396656524, -1.13515132812, 1.0
-1.08664976106, -0.954632720043, 0.999221531364, 1.0
-1.14033374083, 0.964218590274, 1.11499176672, 1.0
-0.96648980758, 0.948568273018, 0.887632220837, 1.0
-1.07068543522, 0.973585560002, -0.86830181517, 1.0
-1.00181394302, 1.0011677282, -1.0926058333, 1.0
1.11504160506, -1.01894819314, 1.15378755796, -1.0
1.0519711447, -1.06923845848, -0.897608814973, -1.0
0.897745862399, -1.10474856379, 0.919871437847, -1.0
1.00495835033, -0.952457167456, -0.91178185333, -1.0
-0.972927406038, -0.979059905897, -0.961747203534, 1.0
-1.08843380971, -1.0258184882, -1.01191893701, 1.0
0.988251491017, -1.04129829835, -0.949019892435, -1.0
-1.01060101041, 1.00202364627, -0.921614674126, 1.0
-0.9240555949, 1.04021818836, -1.05884064785, 1.0
1.00049175187, 1.00081486483, -1.00012109698, 1.0
0.998687433184, 0.999799099345, 0.929447966576, -1.0
1.0043924015, -1.00270048355, 0.98491612709, -1.0
1.02797681179, 0.861015041491, -1.01645113886, 1.0
-1.05085393968, 1.09050929436, -0.924164151537, 1.0
-0.89737047604, -1.1422174371, 1.08233852713, 1.0
-1.00482415699, -1.01186039996, 1.0179288144, 1.0
-1.07786294565, 0.937091544237, -1.12587319963, 1.0
-1.09850847046, 1.0461283926, 1.06742169039, 1.0
-1.04470929697, -1.04648983436, -1.13496239945, 1.0
1.02129825261, -1.00509116585, -0.951591099788, -1.0
-0.989818599925, -1.01180685988, 0.98505249412, 1.0
0.95753885862, -1.03007725441, -0.883514334952, -1.0
1.04897790511, 1.00605659807, -1.03434742113, 1.0
1.00407642086, -1.04787437245, -0.893193620418, -1.0
1.01680416328, -1.03531608482, 0.876366605139, -1.0
1.01064138228, 0.981648753082, 0.913831495637, -1.0
0.920211402794, -1.10768503005, 0.941750065523, -1.0
1.00673579889, -0.995335583121, -1.00959520798, -1.0
1.01948433128, -1.0162745473, 1.03468954744, -1.0
1.05741597252, -1.0876033608, 0.920482334351, -1.0
1.02709537912, 0.995689219346, -0.918527134611, 1.0
0.867350724749, -0.890123679514, 0.89843224618, -1.0
0.877183888645, -0.892052742939, -1.01481889094, -1.0
-0.9750853472, 1.14034292517, 1.07400582961, 1.0
-0.984876389497, 1.11877927655, 0.890069552466, 1.0
-1.02655001228, 0.986725166899, -0.870722241386, 1.0
-0.919884731308, -0.970537362292, 1.00871022852, 1.0
-1.04128322245, -1.06468977823, 1.12478158212, 1.0
-0.981886089233, -0.995818675428, 1.11771732022, 1.0
0.990955666909, 1.09864204679, 1.0090525788, -1.0
-1.00503587161, -0.994508600445, 0.997123123989, 1.0
0.997177003456, -0.948659475178, 0.931652742916, -1.0
-0.964632458173, 0.971011850308, 1.01503300119, 1.0
0.952989187056, -1.03286745918, 1.07104203765, -1.0
0.976546001615, -0.982219118051, -0.98343946926, -1.0
1.00209898992, 0.874629772474, 0.96406738607, -1.0
-0.998898330055, -1.00138449697, -0.999697786338, 1.0
-0.908746806544, -1.15098269088, -0.951502337223, 1.0
-0.999310914385, 0.998650467605, -0.995697940786, 1.0
-0.980723824049, 0.973020491544, -0.891804592333, 1.0
1.01798791258, -0.965300060909, 0.982025919739, -1.0
-0.894673832038, 1.01580254544, -1.06421794382, 1.0
0.998430185635, 1.00822014502, 0.98935999671, -1.0
-0.945000697145, -1.05551682099, 0.99108426601, 1.0
-1.03732510652, -0.959940539815, 1.1406663796, 1.0
-0.924660181408, -0.992060480473, 0.823037644801, 1.0
-0.946379860921, 0.84649175917, -1.0883252122, 1.0
1.05600021915, 1.14938023247, -1.00789399699, 1.0
0.828020155887, 0.997081361999, -1.06253568176, 1.0
-1.10753159662, -0.967900839155, -0.954009452068, 1.0
1.13285233687, 1.04538011939, 0.920105651705, -1.0
-0.965815396719, 1.04784637461, 0.822194892361, 1.0
1.04821048523, -0.953460368877, 1.09481605424, -1.0
-1.0178821397, -1.00608671136, -1.00501705971, 1.0
-1.0434511294, -0.959351641257, -1.08619187239, 1.0
1.01527660697, 1.05206218975, -0.983097521688, 1.0
0.908731159551, -0.994144539382, -1.02781852379, -1.0
-0.987570073972, 0.988773424663, -0.979449940538, 1.0
0.97179142057, 1.01849702388, 1.00613166427, -1.0
0.971668978892, 1.00976178591, 0.938254031316, -1.0
-1.0198179437, -1.03262524791, -1.12293416461, 1.0
1.0012192938, 1.00274885402, -0.988043588304, 1.0
1.04092606776, -1.02115630427, 0.938671380168, -1.0
1.01198320166, 1.18067747543, -0.982638045241, 1.0
1.02475538461, 1.03449442913, 1.0889913107, -1.0
-0.999868875211, 0.999819639732, 0.992983949008, 1.0
-1.0223079591, -1.07266372056, 1.04579243598, 1.0
0.998410471816, 1.02725848427, -1.09344854422, 1.0
1.16485828072, 0.9931637088, 0.997462355883, -1.0
-1.06422225094, 0.94766565293, -1.07380100132, 1.0
-0.995091771366, 0.988393038613, -1.02141065165, 1.0
-1.10809312861, 1.15472625561, -0.98993045824, 1.0
-1.03478447468, 0.987195873042, 0.969709531335, 1.0
-0.956397862511, 0.920485626912, -1.12808562055, 1.0
-0.95796471878, -0.808198050462, 0.979563471282, 1.0
-0.948528335531, 0.990838101245, 1.08774490928, 1.0
1.01043003122, -1.01477499673, 0.983379576698, -1.0
1.0134031165, 0.996181361748, 1.02166629322, -1.0
-1.00382429449, -1.00212848809, -1.19583995609, 1.0
1.00494060564, 1.08385726112, -0.884127361101, 1.0
0.925730451871, 1.0178794561, -1.14597048853, 1.0
1.04193520013, 1.00863474571, -1.03101887844, 1.0
1.00305977584, 0.999299088499, 1.02677470933, -1.0
1.08498921488, 1.06836898109, 1.04906092646, -1.0
-1.03963724241, -0.997038730948, 1.03824390145, 1.0
-0.9882799299, 0.93768004757, -1.07735078838, 1.0
0.957784512303, 1.01586157634, -0.898246035685, 1.0
1.03742304388, -1.00655490427, -1.06156517178, -1.0
-0.917262205165, 0.962216176543, -0.851211958671, 1.0
-0.925998575777, -0.880605136177, 1.05744029214, 1.0
-1.0001517109, 0.999734031034, 0.999787576617, 1.0
1.11053491776, -0.966476916187, 1.09822658907, -1.0
-0.937365220375, 1.14857983381, -1.02861119129, 1.0
0.991062086384, -1.00950266197, -1.0819949997, -1.0
-1.10380782957, 1.07843795419, -1.1012936506, 1.0
-1.06536813166, 0.860196494592, 1.02137221661, 1.0
-0.991212578028, -1.00213731209, 1.01975827329, 1.0
-0.929973737084, -1.12120108698, 1.07240696065, 1.0
-1.00066219269, -0.937686437928, -1.15407090349, 1.0
1.02011953609, 1.00720714917, 0.961730789945, -1.0
-1.03038203231, 0.959320172254, 1.0819192546, 1.0
-1.00604343566, -1.00535161946, 1.02190605349, 1.0
-1.07031840776, 0.914421813097, 1.05464172891, 1.0
1.00072116854, -0.989321838548, 1.02791173064, -1.0
-1.0991906532, -0.997648536747, 0.988179147076, 1.0
-0.999080093361, 1.00203550836, 0.998786713099, 1.0
0.997361160026, -1.00254353522, -1.035545241, -1.0
-1.04093687722, -1.01582531451, -1.06498854206, 1.0
1.08565920395, -1.00272618444, -1.04085032509, -1.0
0.902123447132, -0.865985327674, 1.00795308003, -1.0
1.03284041709, 1.16418753707, -1.01291568009, 1.0
-0.890377889141, 1.03388257421, -1.0092134205, 1.0
-0.989224529967, 0.904389733238, 1.11487162377, 1.0
-0.939538827281, -1.12310322674, -0.865535463185, 1.0
1.0938972754, -1.0974052691, 1.13462328202, -1.0
1.15632264785, 0.888628311836, -1.00379946217, 1.0
0.932068461689, 1.08945988828, 1.02072375134, -1.0
-1.00095626488, -0.979772204249, 1.02322051566, 1.0
0.962818216804, 0.965842622602, 1.07028842575, -1.0
0.999985560926, 1.00007225267, 1.00037882293, -1.0
-1.00507295393, 0.996658042893, -0.972083685899, 1.0
-0.954404647451, -1.0390591568, -1.00470750447, 1.0
-1.0497710796, -0.902965699082, -0.888540906451, 1.0
0.958459414309, -1.01543655549, 1.04554122558, -1.0
-0.998895375341, -1.00315418193, 1.00003456898, 1.0
-0.99235803365, -0.935545615131, -1.18474268512, 1.0
0.898413028065, 1.03867235345, -1.13623398616, 1.0
-0.889327615544, 1.0250931692, -0.970561743106, 1.0
0.938060675364, 0.974288292446, -1.11051382207, 1.0
0.943457721709, 0.994840373422, 0.860033007747, -1.0
-1.01568958342, 0.922823836727, -1.01792606977, 1.0
-1.01929461527, -0.87521215806, 1.00428195901, 1.0
0.948793733794, -0.973269406827, -1.07381770525, -1.0
0.905850735072, -1.04011016533, -0.879446321175, -1.0
-0.99637105168, -1.01682000827, 0.870184069773, 1.0
-0.997685754997, 1.05646371263, 1.05283106046, 1.0
1.00323970777, -0.995066287322, -0.998120146336, -1.0
-0.991773099616, 1.02287085018, -1.00176959675, 1.0
1.02581785673, -1.0754991298, 0.870686826551, -1.0
-1.02185735299, 1.04024613219, -1.06937625735, 1.0
0.993567266831, 0.942495898178, -1.11503954381, 1.0
1.00507442848, -1.00686302713, 0.984820316245, -1.0
0.951850762361, -0.850952825229, 1.10774044695, -1.0
-1.01437150217, -1.05149079476, 1.01589277545, 1.0
-0.982101059797, 0.969257395676, 1.16436155953, 1.0
0.977637555465, 0.997342046315, -1.03541499145, 1.0
-1.07624499206, -1.00531364465, -1.08057499522, 1.0
-0.883472649413, -1.06723315841, 0.894083269786, 1.0
-0.902696755634, 0.991089219274, -0.840142732258, 1.0
0.989128196036, -0.981415945589, -0.920108945783, -1.0
1.06559741131, -0.994853177356, -1.05115865472, -1.0
1.00514269082, 1.00207055495, 1.16178237523, -1.0
1.09423012696, 1.07267030382, -0.861223934532, 1.0
1.15540959563, -0.954814424109, -0.989132281941, -1.0
-1.00292287955, -1.00075018311, -0.972283572717, 1.0
-0.855463395662, 0.96477925963, -0.901867117434, 1.0
-1.00981803146, -0.810649382662, -1.00189963616, 1.0
-0.995656122484, -1.00099235692, -0.892641907806, 1.0
1.04440708532, -1.13431082648, -0.992551720887, -1.0
0.998938923703, -0.976942202363, 1.04963685052, -1.0
0.83350150391, -1.04856575586, 1.07100209349, -1.0
0.923829263014, -1.17261249532, 0.97563993656, -1.0
1.00369597209, -1.00703170396, -0.849690120228, -1.0
1.04014509538, 0.968101956665, 1.10126233166, -1.0
-0.936389514847, 1.01985527232, 1.07632280668, 1.0
0.970481192458, -0.975209214784, 1.01617606897, -1.0
1.10065405135, -1.03698087615, 1.10411796636, -1.0
-0.972557086626, 1.07282731671, -0.918346676789, 1.0
1.11516746995, 1.04861151501, -0.944021316641, 1.0
0.985456566674, 1.01470284573, 0.945713494158, -1.0
0.976275910687, 0.898990647987, -1.0865847078, 1.0
0.989570933573, 1.00808205367, -1.00832559974, 1.0
-1.02102727145, -1.16693120329, 0.909354500828, 1.0
0.993358184464, 1.08626707182, -1.17643931393, 1.0
1.05547285274, -0.957511908637, -0.936554543125, -1.0
-1.02081281315, 1.04194927661, 0.907051468681, 1.0
1.0, -1.0, -1.0, -1.0
-1.01860825463, -1.00665407791, -0.956356880267, 1.0
0.950867448942, -0.831720146337, -1.01745467625, -1.0
0.989284618052, 0.966916488976, -1.08739797377, 1.0
1.01678780409, -1.02747108491, 0.995259440576, -1.0
-0.977116472461, 0.956659190223, 0.984405719334, 1.0
-1.04446621284, -0.988915636455, -1.07796492123, 1.0
-0.989390432709, 1.00359377278, 0.988709335784, 1.0
