1.01954599045, 1.02573197435, -1.06098566629, 1.0
-1.05435857528, -0.959788675099, -1.01261690357, 1.0
1.02896542054, -1.01359315717, 0.945895760321, -1.0
-1.00266040148, 1.00090007459, -1.02065578039, -1.0
1.01470997136, 0.993576165866, 0.998872191128, -1.0
-0.998370209122, 1.02064118185, 1.06212650761, 1.0
0.972144303796, -0.982067328281, 1.0515632099, -1.0
0.996123528308, -1.00672059639, -0.99808600225, -1.0
-1.00173563708, -1.02129631497, 0.986520638997, 1.0
0.998276578253, 0.996698178039, -1.01589574158, 1.0
1.01588149245, 1.00724207203, 1.01817275999, -1.0
-0.955373272316, 0.992863651225, 1.07648143181, 1.0
0.997508567739, -1.08089121864, -1.00416068897, -1.0
1.08022260524, 1.02249130918, 0.974015565558, -1.0
1.09659453578, 0.997972012726, -0.981982403618, 1.0
1.0044401598, -1.01750533439, 1.05495283144, -1.0
1.00683148513, 1.01067166024, -1.01163294634, 1.0
1.03477727496, -1.00729774613, -1.03359246703, -1.0
-1.0102544485, 1.01377926738, -0.974772070458, -1.0
0.999167070105, -1.00030588174, 1.00289154175, -1.0
1.00412374121, 1.01268833288, 0.999264032923, -1.0
1.00476784449, -1.00079531763, -1.00788724845, -1.0
-1.01497281334, -1.03979913555, -1.07804034059, 1.0
1.00592228591, 0.9929828498, -1.04477720328, 1.0
1.09068769069, 0.989136174205, 0.988929113358, -1.0
-1.0, 1.0, -1.0, -1.0
-1.0, 1.0, 1.0, 1.0
1.00105753162, -0.99936484007, -0.998765953906, -1.0
-1.00098056822, 1.00008475093, 0.95193184737, 1.0
-0.9787548654, 1.06081111448, -0.964573247634, -1.0
-1.05220936188, 1.06111382697, 1.01828036139, 1.0
-1.01053619318, -1.01224766845, 0.926227823992, 1.0
-0.997162965091, 0.905906045783, -1.02439574997, -1.0
-1.00029279076, 0.990265546647, -0.989658712512, -1.0
1.07474172077, 1.01888674173, 1.05436666903, -1.0
-1.03364547874, 0.987244783219, 0.911619746856, 1.0
-0.975434534981, -1.00476753081, 0.971897458887, 1.0
-1.03009285612, -0.956462701797, 1.07947625746, 1.0
-1.00085394747, -0.999892849417, 1.00191793567, 1.0
0.999057542296, -0.989725019992, 1.00679536944, -1.0
-0.995521393538, 0.991890200447, 0.972684108381, 1.0
-1.0, -1.0, 1.0, 1.0
1.0, 1.0, -1.0, 1.0
-1.01452598286, 1.00729385959, -0.976887779282, -1.0
-0.920786988935, -0.958368145006, -1.01191897938, 1.0
1.00716164319, -0.999793571959, 0.991592236906, -1.0
1.0, -1.0, -1.0, -1.0
0.977251616316, -1.04858021664, 0.919150641132, -1.0
-0.997897536286, 1.00143044815, 1.01696904265, 1.0
-1.02035991953, -1.03096187472, 0.966222845146, 1.0
-1.00286448908, 1.01147579803, -0.98801048766, -1.0
-1.03284379246, -1.07975750199, -1.01436553063, 1.0
0.928661868602, 1.0021316843, -0.991295067168, 1.0
-0.991046585183, -1.00884993609, -0.962460848891, 1.0
-1.00674825055, 1.00025370189, -1.06584487359, -1.0
1.0087554283, -0.979403284852, -1.00249205969, -1.0
1.00045706151, 0.99474472569, 0.907172514698, -1.0
0.953395039323, 0.983294939662, 1.06430168024, -1.0
0.985480855086, -1.04330545246, -0.96414654835, -1.0
0.990138800061, 0.999764363578, -0.984032093588, 1.0
-1.00051831653, 1.00277665863, 1.00120558075, 1.0
-0.970134764662, -1.00317441472, -1.08883926003, 1.0
0.982636604895, -1.01239179525, -1.00349427828, -1.0
1.01697822193, -1.05436779172, -1.06178917232, -1.0
1.0, -1.0, 1.0, -1.0
-0.958080737108, -1.06547005448, 0.987729205506, 1.0
0.968780423881, -0.992403197239, -0.941343695713, -1.0
1.0, 1.0, 1.0, -1.0
0.996074919488, 0.998329159338, -1.01292482987, 1.0
-0.996511795826, -0.998765593312, -0.911949737522, 1.0
-1.00000281362, 1.00058162934, -1.00249216987, -1.0
-0.992630081374, 1.00987945615, -0.931751506403, -1.0
-0.999745032885, -0.999920161272, -0.942392440718, 1.0
-1.00096806206, -0.998770246426, -1.0005358811, 1.0
1.0161078158, -1.00299406538, 1.0189837487, -1.0
-1.02529122474, -1.0274691281, 0.977023672394, 1.0
-0.969235550591, 0.994120074122, 1.04219444465, 1.0
-0.982530114066, -0.975341156675, -0.993218342964, 1.0
1.00052224514, -0.981930076036, 0.992870861444, -1.0
-1.02836494579, -1.01547458397, 1.0134559972, 1.0
-1.04138028245, 0.940890734998, -0.997847945524, -1.0
0.998380576397, -1.00301064403, 1.00361270322, -1.0
-0.983371976009, -1.00834194561, 0.990846598535, 1.0
1.00098027748, 0.997323879042, -1.05173268479, 1.0
0.953207154281, 0.992175059187, 0.964119728439, -1.0
1.00150825162, 1.0063496246, 1.02186693806, -1.0
0.99402841044, 0.922818193772, 0.965852768871, -1.0
-1.0659096331, 0.95116107589, 0.976782814162, 1.0
1.00251790388, -1.00314033549, 0.980992810722, -1.0
-1.0095156357, 1.01011331049, -1.09469807258, -1.0
0.993861166594, 1.01593077612, -1.00167278091, 1.0
-0.99758388962, -0.983033875717, 1.02951482405, 1.0
1.00525403804, 0.988942761719, -1.00759967242, 1.0
-1.00034228865, -1.00092681386, 1.05078518646, 1.0
-1.03523014902, -0.967633474657, -0.977877951452, 1.0
-1.0, -1.0, -1.0, 1.0
0.983515137828, -1.00191726245, -1.04717303974, -1.0
0.989186509706, 1.00452101044, -0.908297505297, 1.0
-1.01954827016, -1.03235896104, -0.913771323439, 1.0
-1.00859306309, 0.957898452388, 0.995273975543, 1.0
