1.0488655712, 1.31572214718, -1.0
-1.23738047445, 0.896240600161, 1.0
-1.00182244597, 0.986729049798, 1.0
1.16313900967, 1.29385353482, -1.0
-1.03333468786, 1.18085588296, 1.0
0.182718762467, 0.896594258711, -1.0
-0.755698624135, 0.992448188754, 1.0
1.04529561394, 1.00314181815, -1.0
-1.44730973073, 0.114708466339, 1.0
-0.975764021693, 1.008451083, 1.0
0.745785080147, 1.0554403176, -1.0
-1.00758942011, -1.27663558197, -1.0
-1.02501751094, 1.07960922486, 1.0
-0.644805701768, 1.16127482799, 1.0
1.00881698565, -1.00187543656, 1.0
-1.08481424913, -0.697780458934, -1.0
1.12467047025, -0.779706098104, 1.0
-0.564730854211, -1.24727591924, -1.0
1.23833209628, -1.22428925508, 1.0
-0.874375652663, 1.00546123514, 1.0
1.16231898507, -0.890782915103, 1.0
-1.01761310301, -1.00695228975, -1.0
-1.02455593908, 0.947794980529, 1.0
1.22829284259, -1.05467278294, 1.0
0.735139944651, 1.23920590497, -1.0
-0.853052792493, 1.01286886107, 1.0
-0.982725384431, -1.06159302183, -1.0
0.978745431812, 1.01200066136, -1.0
-1.21427469312, 0.990511921723, 1.0
1.08028206365, -1.14379953831, 1.0
0.929979010096, -0.540409987314, 1.0
1.45933679937, -1.18084368209, 1.0
1.05833708023, 1.02435979589, -1.0
1.21645641966, -0.68948640695, 1.0
-0.66299003383, 1.40809749307, 1.0
1.30647706542, 0.483122106649, -1.0
-0.903063373759, -0.996354632192, -1.0
0.727220831058, 0.736912027138, -1.0
0.874336994926, 1.22204374422, -1.0
1.33013604367, 0.0867417233047, -1.0
1.76031854982, -1.38445132124, 1.0
0.145854507839, -0.997287826669, 1.0
1.02931583254, 0.818137017956, -1.0
-0.60342178873, -1.21977916934, -1.0
-0.982428741271, -1.14526368349, -1.0
0.395849364067, -0.881032704589, 1.0
0.488758036442, 0.941509992215, -1.0
1.00220043915, 0.432583278081, -1.0
1.13948042134, 1.40565421959, -1.0
1.0, -1.0, 1.0
1.01587025713, 1.10446468943, -1.0
-0.951696696083, 2.02176080727, 1.0
-0.976697514789, -1.05492189777, -1.0
-0.764170177331, -1.45747271929, -1.0
1.02079415307, 0.873534276837, -1.0
-0.959585884516, -0.454301031784, -1.0
1.53714070859, -1.36059910476, 1.0
-0.877711498382, -1.12354674692, -1.0
1.0769396711, 1.07031288395, -1.0
0.973254588998, -0.656523661968, 1.0
-0.501619054876, -0.488506653653, -1.0
1.01100485562, 1.01744497744, -1.0
-0.962684779171, 1.16734774521, 1.0
0.820239299794, 0.9528962697, -1.0
-0.800642440039, 0.817932309185, 1.0
-0.435344118842, 1.33214669761, 1.0
-1.46812111506, -0.84619420551, -1.0
1.06347733568, -1.09069946911, 1.0
-1.18218550147, -0.594787975484, -1.0
-1.32791774929, 1.4514269823, 1.0
-1.107489567, 0.910295295827, 1.0
1.34340479761, 0.86576197449, -1.0
0.645950701903, 1.00624184932, -1.0
0.935806603686, -1.02460163358, 1.0
-1.00799687301, 1.00026352635, 1.0
-0.250111176174, -0.83988604529, -1.0
-1.53321207248, -0.992370814875, -1.0
-1.02517024271, -0.914420635471, -1.0
-1.05230582232, 0.925415848743, 1.0
0.541798592637, -0.350025178648, 1.0
1.80048962811, -1.34061394025, 1.0
0.829197256843, -1.08390357027, 1.0
0.864700435962, -0.784299854755, 1.0
-1.02209105489, 1.24599558328, 1.0
0.805348116762, 0.984685625625, -1.0
0.245081778283, -0.787553346675, 1.0
-1.01239069527, 1.40422889446, 1.0
0.718645197887, -1.1490929097, 1.0
-0.968784752804, 1.04725231137, 1.0
0.697324800696, 1.30905239751, -1.0
0.36275700335, -1.63140679655, 1.0
-1.27662077395, -0.681660101374, -1.0
1.11138669256, 0.167512551447, -1.0
0.979453874269, 0.986720571109, -1.0
1.1357612869, 0.881724602751, -1.0
-0.564359035896, 1.14474611683, 1.0
-0.993131724608, -1.06162952258, -1.0
1.00632137496, 1.00695545396, -1.0
1.35028059526, 1.25560303975, -1.0
-0.577625938507, 1.08361210021, 1.0
1.55713112964, 1.06818489677, -1.0
-0.788810399407, -0.750483592657, -1.0
0.834008864727, -0.500394863343, 1.0
1.0509054537, -0.978436207013, 1.0
-0.413759232168, -1.01523167438, -1.0
-0.856557205555, 1.33427040412, 1.0
-1.61159014051, 1.20053848668, 1.0
1.0, 1.0, -1.0
-1.60334265794, -0.515205950844, -1.0
-0.849199755555, -0.25544614838, -1.0
1.13938912928, 1.25429664653, -1.0
0.944055938902, -1.15613137311, 1.0
1.6098962971, -0.477726399135, 1.0
-1.29446384597, 1.01161379728, 1.0
-1.12590612162, -0.519362863811, -1.0
-0.999701863189, -1.00063366799, -1.0
1.00030759846, 1.10433444766, -1.0
0.463376230595, -0.0606334978547, -1.0
-1.04767358466, 0.663747929881, 1.0
-1.15390921551, -0.632019071275, -1.0
0.504097890036, 0.759111844954, -1.0
-0.799003552688, -1.28579085963, -1.0
-0.757217820014, 1.13965754285, 1.0
-1.31643267203, -1.07504407625, -1.0
1.08348398487, -1.03681234415, 1.0
0.929222708563, 0.911680503779, -1.0
-1.26584858808, -0.987890173168, -1.0
-1.04505191594, 0.961733683427, 1.0
-0.960958183573, 0.921462653393, 1.0
1.7308176739, -1.08873296255, 1.0
-0.526362426381, 1.38404171704, 1.0
0.729629708082, -0.906406383094, 1.0
-0.974903836304, 0.944522652277, 1.0
-1.15625994218, 0.695847904295, 1.0
-1.35388901734, -0.52325144472, -1.0
-1.00241530142, -0.998135223688, -1.0
1.12949749722, 1.370833881, -1.0
1.36546487938, 1.407980146, -1.0
1.2666164046, -0.924632589535, 1.0
-1.03145633034, -1.38904974437, -1.0
1.00063038298, -0.989487506585, 1.0
-1.97967120962, 0.756471205476, 1.0
1.04191566537, -0.563570399633, 1.0
0.714978909467, -0.430622699645, 1.0
-0.930760512924, -1.08329908764, -1.0
1.00122496572, -0.998459000262, 1.0
0.552484895789, 1.21257334625, -1.0
1.3010343655, 1.22765001247, -1.0
0.982258739219, -1.00418996199, 1.0
-0.864170343072, -1.19464347936, -1.0
-1.27071684518, 1.3262163854, 1.0
-0.827854586406, -0.463093587766, -1.0
1.09404879582, -1.14437176521, 1.0
-1.19547668929, 0.74433473653, 1.0
-1.06038664492, 1.469933926, 1.0
0.987758826261, 0.991298918142, -1.0
0.650516279046, 1.00121454967, -1.0
1.07140732338, -1.19831076949, 1.0
-0.798293816438, -0.576297500141, -1.0
-1.17040280607, 1.2456053889, 1.0
-0.901512888499, -0.586261090693, -1.0
-1.05227959031, -1.06433345837, -1.0
-0.97555475843, -0.584926415907, -1.0
-0.900128064365, 1.00333745201, 1.0
0.645756553753, 1.26718387149, -1.0
-0.976917712468, 1.92331201841, 1.0
0.968770335106, -0.970594198875, 1.0
-0.686867631345, -0.325141741155, -1.0
-1.03619474644, -1.070289809, -1.0
0.00870725187072, -1.0854516461, -1.0
-0.988908804094, -1.0098830096, -1.0
-0.904904935012, -1.03180188156, -1.0
-0.951971484055, 1.2114134878, 1.0
0.73032002916, 0.942963255835, -1.0
0.841401306106, 1.1105815726, -1.0
1.26310914173, 1.66543426144, -1.0
-0.542508179309, 1.61464204454, 1.0
1.14411484509, -0.950244635974, 1.0
-0.872955387475, -1.24914747311, -1.0
1.53500462198, 1.35732980322, -1.0
0.897991642958, 0.205762388079, -1.0
-1.04041224165, 1.04921050308, 1.0
1.20890489066, -0.810634864083, 1.0
-0.810603131735, -1.1430520992, -1.0
0.109668510988, -1.34245848013, 1.0
-0.740075201562, -1.33005093271, -1.0
-0.936915918596, -0.672688790016, -1.0
0.115433103963, 1.11841022158, -1.0
0.392677114188, -1.51751546665, 1.0
0.859895049747, -1.21019586838, 1.0
-1.2187964971, 0.580279183556, 1.0
-0.764582159686, 0.693812827842, 1.0
-0.933830249344, 0.994888731101, 1.0
-1.15386944588, -0.90063442682, -1.0
0.843167542524, 0.495291644349, -1.0
-0.980281356608, 1.00002582914, 1.0
-1.03854328374, -1.00584353189, -1.0
-1.04048711895, 1.06087572135, 1.0
-1.14632391762, -0.642183570043, -1.0
0.73359564668, 0.997832405247, -1.0
1.15843155341, 0.947357459843, -1.0
-0.975328955098, 0.324809558384, 1.0
1.60018181652, -1.05835586425, 1.0
1.04717256425, -1.03940839552, 1.0
-0.785618018953, 0.839593072813, 1.0
-0.737275520157, 0.958338866151, 1.0
-0.785643452438, 1.46404376854, 1.0
1.04849193282, 1.50576049428, -1.0
1.16987493573, 0.991393186445, -1.0
-0.954511284524, 1.03939145631, 1.0
1.63927383474, 0.667370819024, -1.0
0.780237171909, 0.991203947864, -1.0
0.925589113529, 0.38680422569, -1.0
-0.981419545746, 1.30221498141, 1.0
-0.994890480838, -0.956618553186, -1.0
1.03125103354, 1.12626119072, -1.0
0.788057368921, -0.972282788201, 1.0
-0.5055755028, -0.949650480889, -1.0
1.20118588739, -1.52494410437, 1.0
0.763530651465, -0.986450026962, 1.0
0.885777526843, -0.773487032859, 1.0
-0.95200706501, -1.05655308071, -1.0
-1.27081529432, -1.09177340557, -1.0
0.227168511224, 1.12943394659, -1.0
0.62390443334, 0.818469607277, -1.0
-1.12293467263, -0.778019884234, -1.0
-1.0008468084, -0.998095175818, -1.0
1.28583951404, 1.45059081787, -1.0
-0.978089776674, -1.02843544766, -1.0
-1.00152768868, 0.995606818401, 1.0
1.12023516604, 0.708149831412, -1.0
-1.34542465376, -0.889711080306, -1.0
-1.041257668, -1.49957102857, -1.0
0.989007580355, -0.88825537694, 1.0
1.08079213281, -0.940534392857, 1.0
1.10106316904, -0.378356845948, 1.0
-1.34635968097, 1.13062120301, 1.0
-1.00208301341, -1.04411257521, -1.0
0.790471083284, -0.904934159917, 1.0
-1.12980816532, -0.665291287644, -1.0
-1.59437134317, 0.198836940304, 1.0
0.550863570901, 0.883606670904, -1.0
-1.41514553546, 1.03376536144, 1.0
0.965936287869, 1.02164548008, -1.0
1.02959872417, -0.988520694608, 1.0
-1.0087040884, -0.993286337004, -1.0
0.923662515264, -1.02214042349, 1.0
-0.188278681494, -0.504383042041, -1.0
1.10570142694, 0.730667959526, -1.0
1.58869613491, -1.1635024845, 1.0
1.07123691854, -1.24111990514, 1.0
-0.972532309511, -0.789119782817, -1.0
1.61097182131, -0.221773072567, 1.0
-0.876964790485, 1.42439087672, 1.0
0.665069446005, 0.852380842289, -1.0
-0.970518069215, 1.08640193428, 1.0
0.843611915281, -1.04881693904, 1.0
1.1085969417, 1.04534969729, -1.0
-0.536128717031, -1.02076409312, -1.0
-1.01014263905, -0.999312658789, -1.0
-0.922988253339, 0.94564099276, 1.0
-1.23991235888, -1.07655157205, -1.0
0.78037505506, -1.73074326979, 1.0
-1.28032402939, 0.810078206469, 1.0
-0.975647915514, 1.32808392262, 1.0
-1.60270690304, 1.66876805746, 1.0
0.992234968804, -0.99607849288, 1.0
-0.94945080611, 1.01703702516, 1.0
0.494447639527, -1.12003834962, 1.0
1.41293769459, 1.91808637917, -1.0
-0.357812834534, -0.894285133874, -1.0
1.0960592384, 1.23759101621, -1.0
-1.24712613526, 1.02253141883, 1.0
1.04597283798, 1.09451514094, -1.0
0.928999709425, -0.819078797214, 1.0
-0.81147061009, 1.1831636948, 1.0
-0.950052042583, -0.947683453297, -1.0
1.7761050552, -1.55186350064, 1.0
1.27909139806, -1.38132733281, 1.0
1.45050216882, 1.26743582122, -1.0
-1.20515967203, -0.932827076821, -1.0
-1.04348527408, -1.01549001686, -1.0
-0.430813213167, -0.786871262393, -1.0
0.929070157504, 0.966887079116, -1.0
0.810086352003, -1.22815846091, 1.0
-0.865984609624, 1.72195210042, 1.0
0.0665383238838, 0.496143736802, 1.0
0.67882421109, 1.00925147052, -1.0
-1.03037214459, 0.810788211416, 1.0
-1.72518478243, -0.580723111999, -1.0
0.981762289263, -1.04668345745, 1.0
-0.999071776226, -1.00037840816, -1.0
-1.89259982434, -1.03128224424, -1.0
-1.26023445182, 0.624241528445, 1.0
-1.04173907689, 0.0802760461012, 1.0
-0.718843329869, 1.19583302039, 1.0
-0.872573843757, 1.0011701624, 1.0
-1.09396120267, -0.580638734077, -1.0
0.104428055185, 1.17784994975, -1.0
1.30364582178, 1.11281554132, -1.0
-0.988033819752, -0.995206855624, -1.0
-0.751849777098, 0.780818560105, 1.0
-1.37078935648, -0.6057787214, -1.0
1.10084583148, -1.32151744562, 1.0
0.998895938811, -0.894471670523, 1.0
1.18783544064, -1.14380607736, 1.0
0.774168295715, 1.1855131785, -1.0
0.981036287275, -1.03983895398, 1.0
0.612721291224, 1.07687389151, -1.0
-1.00563981342, -0.999995289755, -1.0
1.47409341544, -1.03092435404, 1.0
-0.139660602398, 1.73755874705, 1.0
1.40070009863, 1.33549657582, -1.0
-0.531826860203, 1.28792467633, 1.0
1.28897470659, 1.54537867904, -1.0
2.10826383331, -0.658100811549, 1.0
0.146247604709, -1.44921064961, 1.0
1.71853037458, -0.213284495231, 1.0
-0.683277127293, 1.48644501943, 1.0
0.949506612644, -1.09867601338, 1.0
-0.836694162017, -1.54012320017, -1.0
0.758045064185, 0.643951133987, -1.0
-0.999765235133, -0.999520649931, -1.0
1.36078512735, 0.791158148955, -1.0
1.02524646136, 1.32509246674, -1.0
-0.84737940213, -0.970458972514, -1.0
0.923340616418, -0.98638518827, 1.0
1.01067493787, -0.988362382365, 1.0
-1.40839409566, -1.6586215953, -1.0
1.52504783446, 0.484010599455, -1.0
0.838814674359, 0.996565136202, -1.0
1.25954493495, -2.12421065366, 1.0
-0.375226664582, -1.27781090189, -1.0
0.945338270475, -1.01848604341, 1.0
1.6810026052, -0.900396250815, 1.0
-1.37988707611, 0.921995435462, 1.0
-1.32939112053, 1.28140460557, 1.0
0.926668638541, 0.685681045552, -1.0
1.09691061822, -0.835923808591, 1.0
-1.775962733, -0.820350550395, -1.0
1.01320157483, -0.873814225919, 1.0
0.981737652671, 0.908249304429, -1.0
1.44160635799, -0.975280559241, 1.0
-0.736425311465, -1.05066893106, -1.0
1.09439774225, 1.02582089034, -1.0
-0.457642790917, -1.36225715949, -1.0
0.865627094831, 1.1337768496, -1.0
0.95990810022, 1.0715009113, -1.0
-1.25375097879, -0.560260115992, -1.0
1.17447300901, 0.847198473125, -1.0
-1.52534849783, -1.20072543911, -1.0
-0.785858970069, -1.81733996774, -1.0
-0.835240718824, -1.3040538205, -1.0
0.508626209676, -0.972800198887, 1.0
1.30736011, 0.519286559813, -1.0
-0.980414976144, 0.946924379113, 1.0
1.06312016256, 0.979045535199, -1.0
-0.905379317021, 0.841034568757, 1.0
1.2241527617, -0.809564026154, 1.0
-1.0111895028, -0.868688502823, -1.0
0.466337742496, 1.20945435806, -1.0
-0.977530151551, 1.08589865566, 1.0
-0.95016603879, -0.928701266484, -1.0
-0.989806546775, 1.00751907176, 1.0
-0.52288072462, -1.1512612779, -1.0
-1.04403101094, 0.885836557479, 1.0
1.49761172053, 0.617816753719, -1.0
1.00484850858, 0.987349878538, -1.0
-1.46543910839, 1.58235253956, 1.0
-1.31528446302, -1.39181788481, -1.0
1.09576238683, -0.917408646133, 1.0
-1.11116231278, 0.681719514436, 1.0
-1.35556303511, 0.13208779507, 1.0
-0.976993258075, 0.924796432472, 1.0
-0.968100115674, -0.941468035764, -1.0
-0.895127472679, 1.02598976533, 1.0
-0.878720599727, 1.5384890177, 1.0
-0.144569384193, 0.738281510572, -1.0
1.00158791639, -1.00210701021, 1.0
0.901853220764, 0.912550853422, -1.0
1.03101625056, -0.990495030161, 1.0
-1.0, 1.0, 1.0
-0.984308231773, -1.32381323815, -1.0
-0.745016329654, 0.563733310932, 1.0
-1.00867117455, -0.987770878278, -1.0
1.50163086996, -0.674193266496, 1.0
1.02877445605, -0.956140034551, 1.0
0.999190580958, 1.00427863764, -1.0
-1.01383936436, 1.00535146133, 1.0
0.953525490159, -0.838587136063, 1.0
1.01562449711, 1.02269677919, -1.0
-0.320934091051, 1.72420813898, 1.0
0.982434989991, -1.02066797839, 1.0
-1.05971508397, 0.978826623628, 1.0
0.732634752982, 1.09477414874, -1.0
0.855841199533, -1.69169602574, 1.0
-0.992558377246, 0.99256463706, 1.0
0.649580993794, -0.321156292813, 1.0
-1.06092646892, -0.812810378943, -1.0
0.996384871091, 1.00329707532, -1.0
1.03612948736, -1.00901825634, 1.0
0.815264671437, -0.564708775008, 1.0
1.32835787207, 0.86698185905, -1.0
1.1809262376, 0.939718633091, -1.0
-1.03420048632, 1.03137894641, 1.0
-1.0, -1.0, -1.0
0.762006108242, 1.29134720474, -1.0
0.783906229836, 0.953277577021, -1.0
-1.03231957864, 1.4583115922, 1.0
0.994814645926, -1.00144149554, 1.0
-0.991258699535, -1.00862967881, -1.0
0.0196362550343, 0.837309483797, -1.0
1.63613470864, 0.621898585459, -1.0
0.917463722323, -0.872945878349, 1.0
-0.923104904077, -0.0410705616591, 1.0
-1.18325343637, 1.37411630391, 1.0
-0.773560850146, -0.649660010385, -1.0
-1.03043296796, 1.01479436296, 1.0
1.16716307597, 0.787168860339, -1.0
-0.930901127753, 0.971702089795, 1.0
1.03361475637, 1.06148412057, -1.0
0.680925687584, 0.676547418032, -1.0
-1.30979016695, 0.766090805223, 1.0
1.06354909188, -1.43747795105, 1.0
-1.04127596531, 0.91543138734, 1.0
-0.978878695713, 1.00512611869, 1.0
0.682628996784, -0.600683582913, 1.0
-0.245359944274, -0.554651533384, -1.0
-1.49026932354, -1.07236918709, -1.0
-0.761829852346, 0.881220546542, 1.0
-1.0881531632, -0.864976058431, -1.0
-0.983277285703, 1.07812333969, 1.0
1.23606152134, 0.517556761222, -1.0
0.978813347763, -0.96450684466, 1.0
0.0569686535635, 1.3119110077, 1.0
-1.37855075246, 1.30326720118, 1.0
0.345193955471, -1.25483858814, 1.0
0.383264371127, -1.57771086474, 1.0
-1.34524259146, 0.96815456134, 1.0
-0.315540004377, 1.3752494619, 1.0
-0.991922666453, -1.01188509033, -1.0
-1.01679789905, 0.999352087961, 1.0
1.8019052808, -0.405682302826, 1.0
1.02771045341, 0.055026261207, 1.0
-0.595896885913, -1.09897480573, -1.0
-0.814493396453, -1.18462996821, -1.0
1.00763336283, -0.991270794821, 1.0
-0.962046079933, -0.954280670676, -1.0
0.979425237928, -1.05189869843, 1.0
1.1877540482, -0.810592304138, 1.0
0.951300820947, 1.10842911843, -1.0
0.276542511154, 1.29057829138, -1.0
-1.85363890714, -1.25879102314, -1.0
1.12266267124, -1.54429469838, 1.0
0.407429214641, 0.302025662366, -1.0
0.983950674281, 0.877856450791, -1.0
-1.19483016564, 0.750297301161, 1.0
0.852329432723, 1.1414250692, -1.0
-1.68076657934, 1.6406852809, 1.0
-0.925454135363, 1.02999728168, 1.0
1.67161924378, 0.765675452346, -1.0
-1.1069375578, -0.510902120098, -1.0
-0.958467774209, -0.4071111455, -1.0
1.00713969239, 0.905744505226, -1.0
-1.05731966057, 0.889975450345, 1.0
-1.03214837719, -0.402063526147, -1.0
1.02300946688, 1.049422027, -1.0
0.997225000222, -1.00438045347, 1.0
0.289959992371, -1.80998679254, 1.0
-1.21785605619, -0.68559625982, -1.0
-0.989055643829, 0.989069476409, 1.0
1.51820574951, 1.24093628122, -1.0
1.0638131267, -0.949196664949, 1.0
1.05303878819, 0.958304219007, -1.0
-0.518521864477, -1.41724775596, -1.0
1.09658900407, -0.949514249466, 1.0
1.14891474769, 1.20780329658, -1.0
-0.944292775885, -1.21780261195, -1.0
-1.05319879064, -1.0396344188, -1.0
1.07845259698, -0.93541317181, 1.0
1.78354015953, -1.66680973335, 1.0
-1.5378787381, -1.32982910573, -1.0
1.49473938784, -0.95201284429, 1.0
-0.830925728643, 1.07050545581, 1.0
1.02440991546, -0.9958155795, 1.0
0.761813748633, -0.885840362589, 1.0
1.12349351208, -0.600310686671, 1.0
0.706735388566, -0.81658442378, 1.0
-1.13638433749, -1.089180218, -1.0
-0.0628636025747, 1.55269111242, 1.0
0.279770170849, -0.81377446075, 1.0
0.903550201616, 0.982547777236, -1.0
-1.10595631241, -1.5632045, -1.0
-0.15111609706, 1.57452156374, 1.0
-1.38453446066, -0.617348197635, -1.0
0.966702897697, -1.0064298524, 1.0
0.924962840876, 1.08595556419, -1.0
-0.91287923084, 1.55959179383, 1.0
-0.985764047156, -0.682965834682, -1.0
-0.937315707556, -0.941448847984, -1.0
