







































































































-5.11062 -3.63932 -6.14388 
2.12452 2.44009 3.19247 
-1.96793 -2.31658 -2.95618 
1.78831 2.33235 2.22904 
1.49396 1.68498 1.84468 
-0.304613 9.2698 -15.7284 
2.23424 2.44405 3.62313 
-1.52089 -1.93028 -1.91243 
14.8072 8.96242 14.9997 
5.85938 17.1965 -0.501949 

0.810137 -0.484502 -0.304632 -0.141175 -0.468128 -0.178879 -0.651599 0.183874 0.373576 -0.354037 0.43383 
2.13218 -0.602256 -0.13781 0.41893 -0.711939 -0.263572 -0.276622 -0.49575 0.705266 0.05867 1.35914 
-0.72043 1.1834 -1.15974 1.20999 -1.00195 -0.658106 9.45909 -1.2323 1.02359 -0.209546 -8.71137 
3.91813 -0.176665 0.106493 -0.527042 0.315377 0.461065 -3.43267 0.162927 -0.416726 -3.12824 3.20042 
-3.71045 -1.67977 1.62074 -1.67442 1.51543 0.979656 6.28183 1.77934 -0.802721 3.72817 -7.20767 
3.19261 -0.605007 -0.26927 0.664277 -0.709853 -0.388138 -0.856097 -0.13322 0.548724 -0.627619 2.27781 
4.08487 -0.0598867 0.606207 -0.0419542 0.580115 0.541863 -3.61442 0.48956 -0.146315 -3.30615 3.52543 
-3.71638 0.415266 -0.446258 0.474623 0.0202696 0.358091 3.22916 -0.884085 -0.410108 3.09128 -3.19181 
1.20506 2.21264 -1.72455 1.36441 -1.06196 -0.460107 -6.42609 -1.89766 0.834392 -3.89884 2.88754 
-1.56826 -2.95513 1.28121 -1.17087 0.357019 0.629544 2.79812 1.85185 -0.672167 4.60745 -7.80978 

4.19697 0.375112 1.56532 -8.88331 2.69438 -4.87535 2.3582 3.03374 -2.56345 5.63735 -4.67082 
-4.08649 -0.535102 -1.41825 8.99204 -2.63874 4.93886 -2.61414 -2.9664 2.45149 -5.59928 4.64779 
3.34134 0.677628 0.971704 1.77665 0.133906 -0.368702 2.11064 -0.0334399 -1.16882 -0.758536 1.25693 

0.321139 -0.159662 -0.47628 
0.301077 -0.10197 -0.151372 
-0.00953963 0.0450944 0.361568 
0.0289431 0.192127 0.080657 
0.189107 0.222712 -0.116453 
-0.165543 0.318552 -0.0769843 
-0.289908 0.0930392 -0.37504 
-0.149066 -0.161484 0.336823 
0.303657 -0.253519 -0.39699 
-0.288633 -0.193639 0.336453 

-0.357357 -0.430397 -0.321054 -0.0641436 0.367761 -0.149943 0.157424 -0.184721 -0.416878 0.126987 0.353404 
0.509868 -0.277494 0.139141 0.144031 0.0688793 0.404035 0.00328111 0.487624 -0.33768 -0.371171 -0.362011 
-0.113582 -0.163428 0.303269 -0.0332561 0.0888728 0.419433 0.22398 0.311531 0.221077 0.388743 0.326778 
0.536802 -0.0437871 0.229548 -0.22536 -0.395896 -0.463626 -0.106571 0.243078 0.326242 -0.168029 0.403771 
-0.152027 0.470756 0.0288495 -0.13753 0.00399663 0.00984776 0.00307097 0.0898265 0.16922 -0.463067 -0.465086 
-0.236966 -0.115388 -0.0527044 0.046568 -0.399395 -0.240155 -0.24799 -0.400774 -0.350538 -0.409453 0.0583737 
0.517641 0.00596724 0.207387 0.276153 0.276884 -0.151963 0.161063 -0.358694 -0.237935 -0.257134 -0.385568 
0.453731 0.0101327 0.172019 -0.189517 -0.464401 -0.221335 0.475122 -0.43709 -0.253663 0.0475644 -0.0129178 
0.593707 -0.406724 0.122225 -0.463771 -0.216112 0.203104 -0.266931 -0.022737 -0.377937 -0.426942 0.287418 
0.163472 0.358551 0.171766 -0.348476 0.0860774 0.317091 -0.0792061 0.252842 0.489627 -0.301786 -0.215413 

0.551912 0.224974 -0.102217 0.0543012 -0.134746 0.0489134 -0.319934 -0.33379 0.293842 0.140982 -0.373776 
-0.269908 0.271474 -0.168299 -0.0697222 -0.166064 0.0827897 -0.280964 -0.332731 0.255818 -0.107124 -0.389624 
2.87715 -1.28575 0.977534 -0.232847 0.994686 -0.14081 -0.772014 1.13817 1.22882 1.08689 0.542195 













14.9012 4.28253 -43.229 
-34.926 89.8922 6.61732 
90.7977 -27.7301 55.475 
-5.1572 -17.7875 -21.7859 
110.11 67.5285 1.94647 

-11.9362 0.753806 13.4929 -10.1654 3.00009 -36.5548 
41.0898 -40.4461 42.5163 3.59067 38.8724 1.89653 
15.7844 26.6969 -40.3045 -37.6888 -5.33678 -48.3343 

0.567215 1.18536 -0.838466 2.01456 

117.988 71.4986 7.72939 
13.8306 -31.9682 29.827 
19.1686 -10.8715 -51.9737 
92.8677 -29.3258 57.8952 
-25.3475 -74.1603 -36.5158 

3.33338 21.5417 -19.4898 -27.4368 39.5657 19.8626 
-3.34022 -24.9498 -24.2116 1.1541 -22.0688 23.8415 
-4.42058 48.7213 -33.2714 -33.4159 -9.23993 32.4188 

1.65465 -0.605377 2.72974 -2.77805 

1.09291 0.782967 1.09881 
-2.1737 0.541848 -4.8806 
1.61074 1.36346 0.0416797 
-1.92435 2.2607 3.12041 
2.44802 0.158161 2.31077 
-2.09914 -4.92067 0.0609504 
1.92326 1.57519 -0.133551 
-0.51143 -0.964131 -0.295838 
1.19769 1.0687 0.832402 
-1.16928 -1.13997 -0.0315845 

-0.0892327 0.532818 1.67519 0.846292 1.90374 0.0681654 2.47627 1.12374 -0.467065 0.412016 -0.552073 
0.0418226 0.623265 0.563191 0.558939 0.424321 0.0826779 1.80914 0.0524118 -0.422798 0.560302 0.171514 
0.337863 0.384784 0.449423 0.305392 -0.0904181 -0.331502 0.296345 0.00689847 -0.0970806 -0.167086 -0.435721 
0.186667 -0.0897988 0.122198 0.219158 0.632663 0.21283 1.35365 0.31955 -0.15825 -0.264887 -0.528297 
0.385016 0.47031 1.06975 -0.130922 0.960455 0.523365 1.5125 0.629302 0.21843 0.0478739 -0.0520018 
0.232985 0.122739 1.80856 0.696346 1.2447 0.0111489 1.30722 1.14539 -0.524774 0.900511 -1.10503 
-0.396376 -0.22004 -0.250044 -0.575781 -0.172026 -0.305584 -0.688472 -0.306563 -0.118164 -0.189097 0.0987653 
-0.0929141 0.108535 -0.96015 -0.498007 -1.18885 -0.364385 -2.03671 -0.493442 0.5609 -0.0792053 0.572202 
1.24086 0.686 -1.37679 1.08884 -0.460551 2.50048 -0.60823 0.517349 -0.526288 0.843034 -0.199233 
1.54427 1.06495 -1.58195 0.320384 -0.857527 2.16432 0.075172 0.649285 -0.40932 1.07817 -0.757795 

0.132583 -2.94509 -1.37707 -0.363287 -1.06337 -1.54615 -2.43415 0.733915 1.95021 -2.20128 -2.37909 

1.83808 -2.99984 -4.36607 
-0.0642063 -0.187659 0.607414 
0.123299 -0.808483 0.157102 
1.73118 -0.844513 5.13932 
1.04964 4.34124 -0.264872 
-6.19487 -2.40951 -3.41408 
-0.431754 0.877543 -0.0698327 

-0.608647 4.10779 -0.0758466 0.312434 3.81531 2.99162 5.08602 -0.133586 

