# archivo temporal usado para graficar posicion de las particulas en gnuplot
0.497447 0.256236 0 
0.665721 0.612764 0 
-0.0588551 0.282231 0 
0.353173 0.387002 0 
0.752816 -0.15631 0 
0.584614 0.782268 0 
0.297278 0.623537 0 
0.742045 0.65277 0 
0.610876 0.231966 0 
0.219192 -0.0935718 0 
0.753976 0.153201 0 
0.587057 0.842072 0 
0.216959 0.864314 0 
0.415702 0.464026 0 
0.624946 0.748867 0 
0.754867 0.815075 0 
0.512829 0.600693 0 
0.4285 0.0826448 0 
-0.0231354 0.896008 0 
0.376329 0.216602 0 
0.413647 0.845372 0 
0.545319 -0.0991258 0 
0.662659 0.318082 0 
0.617942 0.718924 0 
0.656253 0.134336 0 
0.537329 0.465535 0 
0.798455 0.838133 0 
-0.201921 0.14219 0 
-0.199909 -0.146728 0 
0.483837 0.88287 0 
0.299603 0.581289 0 
0.365824 0.673946 0 
-0.168495 0.521098 0 
0.330793 0.805428 0 
0.543353 0.123351 0 
0.665621 0.554294 0 
-0.251815 0.388419 0 
0.0669957 0.444507 0 
0.512753 -0.0844195 0 
0.587703 0.229992 0 
0.326765 0.64228 0 
0.609801 0.690665 0 
-0.0895678 0.512704 0 
0.00603474 0.794374 0 
0.371029 0.710028 0 
0.779437 0.744358 0 
0.268273 0.619931 0 
-0.28473 0.719454 0 
0.316306 0.913312 0 
-0.0741225 0.807173 0 
-0.083273 0.290331 0 
-0.129262 0.607202 0 
0.638315 0.101969 0 
0.209615 0.856002 0 
0.231906 0.695463 0 
-0.045347 0.898567 0 
0.235097 0.448253 0 
0.802274 -0.200479 0 
0.496853 0.252767 0 
0.239022 0.046564 0 
0.233523 0.625961 0 
0.489778 0.901094 0 
0.737092 0.404802 0 
0.430329 0.115271 0 
-0.185306 0.518789 0 
0.798703 0.176775 0 
-0.231269 0.626789 0 
0.148896 0.481558 0 
0.305487 0.766163 0 
0.72334 0.667799 0 
0.565164 0.51007 0 
0.357247 0.721 0 
-0.200078 0.802649 0 
-0.248306 0.0223601 0 
-0.0437057 0.743409 0 
0.390835 0.547647 0 
0.560698 -0.00234116 0 
-0.135453 0.807081 0 
-0.275354 -0.0786689 0 
0.631415 0.764616 0 
0.758116 0.632148 0 
0.473785 0.66564 0 
0.194655 0.841305 0 
0.556557 0.0306586 0 
-0.0632181 0.696968 0 
0.597904 0.241615 0 
0.479901 0.336532 0 
-0.108809 0.568542 0 
0.692876 0.796547 0 
0.626649 -0.135431 0 
-0.237519 0.587167 0 
-0.262168 0.298846 0 
0.459179 -0.110478 0 
-0.0431707 0.744857 0 
0.799115 0.821048 0 
0.537661 0.190862 0 
0.315143 0.133081 0 
-0.0832694 0.549262 0 
0.166673 0.542288 0 
0.661631 0.0876405 0 
0.331812 0.516021 0 
0.251604 0.0298271 0 
0.0742218 -0.105332 0 
0.473158 0.381567 0 
0.054492 0.88514 0 
0.518816 0.645809 0 
0.760644 0.765903 0 
-0.117924 0.713736 0 
0.768256 0.779033 0 
0.0528298 0.925906 0 
0.77183 0.232991 0 
0.722884 0.3584 0 
0.0753118 0.381399 0 
0.287671 0.51667 0 
0.490073 -0.0232468 0 
0.107106 0.265095 0 
0.752805 0.363378 0 
0.0564625 0.154434 0 
0.678406 0.673423 0 
0.461209 0.194385 0 
0.617665 0.0601399 0 
0.679596 0.748998 0 
-0.245452 0.195439 0 
0.00379238 0.8696 0 
0.631244 0.0853909 0 
0.381497 -0.199622 0 
0.348994 -0.0860604 0 
-0.0034998 0.756615 0 
0.210805 0.797243 0 
0.287522 0.554269 0 
0.511117 0.504214 0 
0.0997316 0.83218 0 
0.607113 0.563266 0 
0.0841505 -0.0615742 0 
0.202225 0.877691 0 
-0.0209484 0.682556 0 
0.387205 0.435012 0 
-0.0539101 0.45165 0 
0.726999 -0.0802241 0 
-0.187464 0.227175 0 
0.58123 0.0635988 0 
0.589017 0.0231327 0 
-0.217214 0.639435 0 
-0.0215477 0.924587 0 
-0.194257 0.461986 0 
0.553386 0.377996 0 
0.0997316 0.830263 0 
0.457612 0.289328 0 
0.59896 0.842104 0 
0.496867 0.631491 0 
